0 0.07461024498886415 0.18181818181818182 0.07461024498886415 0.191699604743083 0.11247216035634744 0.1857707509881423 0.12583518930957685 0.1541501976284585 0.133630289532294 0.15019762845849802 0.1358574610244989 0.09090909090909091 0.14253897550111358 0.07509881422924901 0.15478841870824053 0.07707509881422925 0.15701559020044542 0.07114624505928854 0.14253897550111358 0.029644268774703556 0.12694877505567928 0.029644268774703556 0.10356347438752785 0.13043478260869565
0 0.18151447661469933 0.1067193675889328 0.18151447661469933 0.15612648221343872 0.2026726057906459 0.16600790513833993 0.20935412026726058 0.14624505928853754 0.20489977728285078 0.12450592885375494 0.20601336302895323 0.08498023715415019 0.18930957683741648 0.08300395256916997
0 0.20824053452115812 0.041501976284584984 0.20824053452115812 0.1007905138339921 0.21937639198218262 0.09486166007905138 0.23385300668151449 0.1007905138339921 0.23942093541202672 0.11264822134387352 0.24053452115812918 0.15217391304347827 0.25501113585746105 0.17193675889328064 0.26169265033407574 0.17193675889328064 0.2650334075723831 0.15612648221343872 0.2594654788418708 0.12845849802371542 0.22717149220489977 0.03359683794466403 0.21603563474387527 0.03162055335968379
0 0.26057906458797325 0.09090909090909091 0.2572383073496659 0.116600790513834 0.2650334075723831 0.12450592885375494 0.29175946547884185 0.08893280632411067 0.3028953229398664 0.04940711462450593 0.31403118040089084 0.039525691699604744 0.30846325167037864 0 0.2906458797327394 0.001976284584980237
0 0.30066815144766146 0.05731225296442688 0.2973273942093541 0.09090909090909091 0.3262806236080178 0.10869565217391304 0.33296213808463254 0.10474308300395258 0.3184855233853007 0.04940711462450593 0.30734966592427615 0.04743083003952569
0 0.33407572383073497 0.08102766798418973 0.33407572383073497 0.1007905138339921 0.344097995545657 0.11462450592885376 0.35634743875278396 0.10474308300395258 0.36525612472160357 0.1067193675889328 0.36971046770601335 0.09683794466403162 0.36525612472160357 0.07905138339920949 0.3674832962138085 0.04743083003952569 0.3596881959910913 0.03359683794466403 0.34855233853006684 0.03359683794466403
0 0.4153674832962138 0.043478260869565216 0.410913140311804 0.05138339920948617 0.4142538975501114 0.08300395256916997 0.42761692650334077 0.1067193675889328 0.4354120267260579 0.1067193675889328 0.4420935412026726 0.09288537549407115 0.4420935412026726 0.06719367588932806 0.42761692650334077 0.03557312252964427
0 0.4354120267260579 0.15217391304347827 0.43207126948775054 0.16996047430830039 0.4354120267260579 0.17588932806324112 0.44766146993318484 0.15019762845849802 0.46993318485523383 0.1442687747035573 0.47216035634743875 0.10474308300395258 0.46770601336302897 0.08695652173913043 0.44988864142538976 0.09090909090909091
0 0.25389755011135856 0.21146245059288538 0.25278396436525613 0.233201581027668 0.28507795100222716 0.2549407114624506 0.3062360801781737 0.16403162055335968 0.30846325167037864 0.1225296442687747 0.3040089086859688 0.1007905138339921 0.289532293986637 0.09486166007905138 0.2739420935412027 0.11462450592885376 0.26948775055679286 0.12648221343873517 0.2728285077951002 0.15612648221343872 0.26057906458797325 0.18181818181818182
0 0.29175946547884185 0.28063241106719367 0.29175946547884185 0.308300395256917 0.3062360801781737 0.35177865612648224 0.3351893095768374 0.32608695652173914 0.3351893095768374 0.30632411067193677 0.34855233853006684 0.29051383399209485 0.3619153674832962 0.2490118577075099 0.36080178173719374 0.22924901185770752 0.3530066815144766 0.21541501976284586 0.3518930957683742 0.18774703557312253 0.344097995545657 0.16600790513833993 0.33407572383073497 0.1600790513833992 0.3207126948775056 0.17786561264822134 0.31625835189309576 0.22727272727272727 0.29955456570155903 0.24703557312252963
0 0.09688195991091314 0.233201581027668 0.09799554565701558 0.2549407114624506 0.11247216035634744 0.23715415019762845 0.12583518930957685 0.25889328063241107 0.12138084632516703 0.3181818181818182 0.12694877505567928 0.33992094861660077 0.1403118040089087 0.3102766798418972 0.1447661469933185 0.2865612648221344 0.15924276169265034 0.26679841897233203 0.1759465478841871 0.18972332015810275 0.18374164810690424 0.17786561264822134 0.16258351893095768 0.1442687747035573 0.16258351893095768 0.09881422924901186 0.15478841870824053 0.07905138339920949 0.1403118040089087 0.08300395256916997 0.13474387527839643 0.1067193675889328 0.13474387527839643 0.15217391304347827 0.12138084632516703 0.16403162055335968
0 0.028953229398663696 0.17588932806324112 0.028953229398663696 0.20553359683794467 0.01670378619153675 0.25691699604743085 0.01670378619153675 0.2826086956521739 0.036748329621380846 0.35968379446640314 0.044543429844097995 0.3359683794466403 0.045657015590200446 0.2984189723320158 0.051224944320712694 0.28063241106719367 0.06570155902004454 0.274703557312253 0.08129175946547884 0.2984189723320158 0.0935412026726058 0.28063241106719367 0.0957683741648107 0.25889328063241107 0.08463251670378619 0.21146245059288538 0.0645879732739421 0.18774703557312253 0.061247216035634745 0.1541501976284585 0.05456570155902005 0.14031620553359683 0.04120267260579064 0.14031620553359683
0 0.04788418708240535 0.2964426877470356 0.0467706013363029 0.3359683794466403 0.0400890868596882 0.3675889328063241 0.0556792873051225 0.40118577075098816 0.06792873051224944 0.38735177865612647 0.07683741648106904 0.38735177865612647 0.09799554565701558 0.42292490118577075 0.10690423162583519 0.4031620553359684 0.10579064587973273 0.3893280632411067 0.09465478841870824 0.3616600790513834 0.0779510022271715 0.34189723320158105 0.07906458797327394 0.308300395256917 0.07238307349665925 0.2826086956521739 0.060133630289532294 0.2766798418972332
0 0.012249443207126948 0.4308300395256917 0.013363028953229399 0.4505928853754941 0.0077951002227171495 0.4723320158102767 0.017817371937639197 0.5 0.025612472160356347 0.5059288537549407 0.042316258351893093 0.48616600790513836 0.04788418708240535 0.47035573122529645 0.043429844097995544 0.4426877470355731 0.053452115812917596 0.41106719367588934 0.04788418708240535 0.383399209486166 0.03897550111358575 0.3695652173913043 0.02783964365256125 0.3715415019762846 0.01893095768374165 0.3893280632411067
0 0.0467706013363029 0.4407114624505929 0.05011135857461024 0.4624505928853755 0.042316258351893093 0.4901185770750988 0.05902004454342984 0.5019762845849802 0.066815144766147 0.5217391304347826 0.066815144766147 0.5454545454545454 0.05902004454342984 0.5731225296442688 0.07015590200445435 0.6027667984189723 0.0935412026726058 0.6245059288537549 0.10356347438752785 0.6600790513833992 0.10467706013363029 0.6857707509881423 0.10801781737193764 0.6857707509881423 0.1091314031180401 0.6561264822134387 0.10133630289532294 0.5849802371541502 0.11692650334075724 0.5513833992094862 0.12026726057906459 0.5118577075098815 0.10746102449888642 0.5138339920948617 0.09688195991091314 0.5059288537549407 0.09465478841870824 0.48221343873517786 0.08908685968819599 0.4723320158102767 0.09465478841870824 0.42292490118577075 0.08240534521158129 0.3952569169960474 0.06792873051224944 0.3893280632411067 0.05902004454342984 0.39920948616600793
0 0.11469933184855234 0.6126482213438735 0.1091314031180401 0.6462450592885376 0.11247216035634744 0.658102766798419 0.12026726057906459 0.650197628458498 0.12360801781737193 0.6324110671936759 0.12360801781737193 0.6185770750988142
0 0.09131403118040089 0.45849802371541504 0.09020044543429843 0.47035573122529645 0.09910913140311804 0.5059288537549407 0.12694877505567928 0.48221343873517786 0.12806236080178174 0.46047430830039526 0.14810690423162584 0.38735177865612647 0.16258351893095768 0.3695652173913043 0.16258351893095768 0.34189723320158105 0.15701559020044542 0.3241106719367589 0.13697104677060135 0.3201581027667984 0.12472160356347439 0.3359683794466403 0.12360801781737193 0.3893280632411067 0.10467706013363029 0.41304347826086957
0 0.12360801781737193 0.49604743083003955 0.11915367483296214 0.5830039525691699 0.133630289532294 0.6126482213438735 0.13919821826280623 0.5849802371541502 0.16258351893095768 0.5454545454545454 0.17706013363028952 0.5513833992094862 0.19487750556792874 0.6007905138339921 0.20601336302895323 0.6086956521739131 0.20601336302895323 0.5368913043478261 0.2182628062360802 0.5217391304347826 0.23608017817371937 0.5217391304347826 0.24164810690423164 0.5019762845849802 0.23608017817371937 0.4743083003952569 0.21937639198218262 0.44664031620553357 0.21492204899777284 0.44466403162055335 0.20935412026726058 0.45849802371541504 0.18819599109131402 0.4525691699604743 0.17928730512249444 0.424901185770751 0.18151447661469933 0.39920948616600793 0.16815144766146994 0.38537549407114624 0.14699331848552338 0.4051383399209486 0.14365256124721604 0.43280632411067194 0.133630289532294 0.4426877470355731 0.1291759465478842 0.4841897233201581
0 0.22271714922049 0.44664031620553357 0.21937639198218262 0.4525691699604743 0.23719376391982183 0.4743083003952569 0.23719376391982183 0.4624505928853755
0 0.18262806236080179 0.39723320158102765 0.18040089086859687 0.424901185770751 0.1870824053452116 0.4505928853754941 0.20489977728285078 0.45652173913043476 0.20935412026726058 0.4367588932806324 0.21603563474387527 0.4288537549407115 0.21269487750556793 0.41106719367588934 0.19710467706013363 0.3893280632411067
0 0.20824053452115812 0.5276679841897233 0.20935412026726058 0.6027667984189723 0.21269487750556793 0.6047430830039525 0.22160356347438753 0.5770750988142292 0.2516703786191537 0.5395256916996047 0.24387527839643652 0.4980237154150198 0.23719376391982183 0.5197628458498024
0 0.024498886414253896 0.5177865612648221 0.028953229398663696 0.5810276679841897 0.05679287305122494 0.5790513833992095 0.06570155902004454 0.5335968379446641 0.062360801781737196 0.5079051383399209 0.04899777282850779 0.49407114624505927 0.03897550111358575 0.49407114624505927
0 0.01670378619153675 0.7786561264822134 0.015590200445434299 0.7905138339920948 0.04120267260579064 0.7984189723320159 0.05679287305122494 0.8241106719367589 0.08240534521158129 0.7885375494071146 0.10244988864142539 0.7055335968379447 0.10022271714922049 0.6541501976284585 0.09020044543429843 0.6264822134387352 0.08463251670378619 0.6205533596837944 0.05902004454342984 0.642292490118577 0.053452115812917596 0.7075098814229249 0.030066815144766147 0.7233201581027668
0 0.07015590200445435 0.9209486166007905 0.06347438752783964 0.9624505928853755 0.06347438752783964 0.9980237154150198 0.0957683741648107 0.9960474308300395 0.09799554565701558 0.9822134387351779 0.11247216035634744 0.9604743083003953 0.11915367483296214 0.9189723320158103 0.15367483296213807 0.8853754940711462 0.1759465478841871 0.8932806324110671 0.19265033407572382 0.9278656126482213 0.18930957683741648 0.9664031620553359 0.17928730512249444 0.9723320158102767 0.18040089086859687 0.9841897233201581 0.19487750556792874 0.9980237154150198 0.21603563474387527 0.9980237154150198 0.21937639198218262 0.9822134387351779 0.21492204899777284 0.9189723320158103 0.20601336302895323 0.8873517786561265 0.19265033407572382 0.8557312252964426 0.1759465478841871 0.8438735177865613 0.17037861915367483 0.7766798418972332 0.15812917594654788 0.7233201581027668 0.13474387527839643 0.7213438735177866 0.12249443207126949 0.7351778656126482 0.11915367483296214 0.7470355731225297 0.12249443207126949 0.808300395256917 0.11469933184855234 0.8320158102766798 0.08463251670378619 0.8715415019762845
0 0.024498886414253896 0.5158102766798419 0.02338530066815145 0.5513833992094862 0.02783964365256125 0.567193675889328 0.0200445434298441 0.6047430830039525 0 0.6225296442687747 0 0.8102766798418972 0.011135857461024499 0.7984189723320159 0.026726057906458798 0.758893280632411 0.09465478841870824 0.6363636363636364 0.08574610244988864 0.6185770750988142 0.07015590200445435 0.6047430830039525 0.060133630289532294 0.5790513833992095 0.06570155902004454 0.5355731225296443 0.061247216035634745 0.5059288537549407 0.053452115812917596 0.49407114624505927 0.0378619153674833 0.49604743083003955
0 0.005567928730512249 0.8201581027667985 0.005567928730512249 0.8379446640316206 0 0.8537549407114624 0 0.9980237154150198 0.060133630289532294 0.9960474308300395 0.061247216035634745 0.9545454545454546 0.07906458797327394 0.8794466403162056 0.034521158129175944 0.7924901185770751 0.015590200445434299 0.7944664031620553
0 0.16258351893095768 0.6818181818181818 0.15924276169265034 0.7134387351778656 0.17037861915367483 0.7727272727272727 0.17260579064587972 0.8280632411067194 0.20824053452115812 0.8893280632411067 0.22160356347438753 0.9683794466403162 0.22048997772828507 0.9881422924901185 0.22383073496659242 0.9901185770750988 0.23496659242761692 0.9683794466403162 0.22383073496659242 0.9229249011857708 0.22828507795100222 0.8893280632411067 0.25501113585746105 0.8675889328063241 0.25501113585746105 0.857707509881423 0.23942093541202672 0.8003952569169961 0.21380846325167038 0.7766798418972332 0.20155902004454343 0.6837944664031621 0.19042316258351893 0.6679841897233202 0.1714922048997773 0.6679841897233202
0 0.20935412026726058 0.650197628458498 0.21380846325167038 0.658102766798419 0.20824053452115812 0.6699604743083004 0.22160356347438753 0.7233201581027668 0.22605790645879734 0.7806324110671937 0.23051224944320714 0.7885375494071146 0.24053452115812918 0.7865612648221344 0.2583518930957684 0.8517786561264822 0.26948775055679286 0.8478260869565217 0.26837416481069043 0.7924901185770751 0.2516703786191537 0.7766798418972332 0.24832962138084633 0.7430830039525692 0.2561247216035635 0.66600790513834 0.2828507795100223 0.6245059288537549 0.289532293986637 0.5988142292490118 0.28619153674832964 0.5454545454545454 0.29398663697104677 0.5237154150197628 0.2984409799554566 0.4841897233201581 0.2962138084632517 0.46047430830039526 0.289532293986637 0.44664031620553357 0.26837416481069043 0.4426877470355731 0.2583518930957684 0.45454545454545453 0.2505567928730512 0.5019762845849802 0.2561247216035635 0.5237154150197628 0.2516703786191537 0.5513833992094862 0.24944320712694878 0.5592885375494071 0.22939866369710468 0.5731225296442688 0.21603563474387527 0.6086956521739131
0 0.24498886414253898 0.7509881422924901 0.24498886414253898 0.8023715415019763 0.24944320712694878 0.808300395256917 0.2583518930957684 0.8596837944664032 0.26948775055679286 0.8656126482213439 0.3530066815144766 0.6640316205533597 0.3463251670378619 0.6383399209486166 0.321826280623608 0.5948616600790514 0.32293986636971045 0.5652173913043478 0.31403118040089084 0.5296442687747036 0.2984409799554566 0.5237154150197628 0.29175946547884185 0.5335968379446641 0.2884187082405345 0.5533596837944664 0.29175946547884185 0.5691699604743083 0.2817371937639198 0.6264822134387352 0.25278396436525613 0.6818181818181818
0 0.2728285077951002 0.857707509881423 0.26948775055679286 0.8952569169960475 0.27728285077951004 0.9407114624505929 0.29398663697104677 0.9565217391304348 0.3028953229398664 0.9466403162055336 0.30178173719376394 0.9130434782608695 0.30734966592427615 0.9071146245059288 0.31737193763919824 0.8320158102766798 0.344097995545657 0.7865612648221344 0.33853006681514475 0.7608695652173914 0.33964365256124723 0.7391304347826086 0.34855233853006684 0.7193675889328063 0.37082405345211583 0.7055335968379447 0.3685968819599109 0.6739130434782609 0.3530066815144766 0.6719367588932806 0.33407572383073497 0.658102766798419 0.3151447661469933 0.6778656126482213 0.30957683741648107 0.7687747035573123 0.29175946547884185 0.7845849802371542
0 0.22605790645879734 0.9051383399209486 0.22828507795100222 0.9387351778656127 0.23608017817371937 0.9664031620553359 0.23051224944320714 0.9901185770750988 0.22383073496659242 0.9980237154150198 0.3062360801781737 0.9980237154150198 0.27728285077951004 0.950592885375494 0.2739420935412027 0.9189723320158103 0.26057906458797325 0.8754940711462451 0.23608017817371937 0.8794466403162056
0 0.09799554565701558 0.9861660079051383 0.09799554565701558 0.9980237154150198 0.18596881959910913 0.9980237154150198 0.18485523385300667 0.9762845849802372 0.18930957683741648 0.9664031620553359 0.18596881959910913 0.9130434782608695 0.1714922048997773 0.8913043478260869 0.1492204899777283 0.8893280632411067 0.11915367483296214 0.9229249011857708
0 0.31403118040089084 0.8458498023715415 0.30957683741648107 0.9308300395256917 0.30066815144766146 0.958498023715415 0.29955456570155903 0.9802371541501976 0.311804008908686 0.9980237154150198 0.38752783964365256 0.9980237154150198 0.4042316258351893 0.9229249011857708 0.37639198218262804 0.8932806324110671 0.38641425389755013 0.8656126482213439 0.3841870824053452 0.8241106719367589 0.37973273942093544 0.8142292490118577 0.36525612472160357 0.7944664031620553 0.344097995545657 0.7924901185770751
0 0.3418708240534521 0.7351778656126482 0.34075723830734966 0.766798418972332 0.3463251670378619 0.7885375494071146 0.366369710467706 0.7924901185770751 0.3830734966592428 0.8181818181818182 0.39532293986636974 0.808300395256917 0.3997772828507795 0.782608695652174 0.38752783964365256 0.7213438735177866 0.3685968819599109 0.7094861660079052 0.34743875278396436 0.7233201581027668
0 0.40311804008908686 0.7865612648221344 0.40200445434298443 0.8458498023715415 0.38641425389755013 0.8695652173913043 0.37973273942093544 0.8952569169960475 0.3997772828507795 0.9110671936758893 0.40979955456570155 0.9308300395256917 0.4365256124721604 0.9347826086956522 0.4510022271714922 0.9644268774703557 0.455456570155902 0.9940711462450593 0.46325167037861914 0.9920948616600791 0.47216035634743875 0.9387351778656127 0.44988864142538976 0.8715415019762845 0.45434298440979953 0.8596837944664032 0.4510022271714922 0.8122529644268774 0.43875278396436523 0.7786561264822134 0.42538975501113585 0.7687747035573123 0.41202672605790647 0.7727272727272727
0 0.4242761692650334 0.7055335968379447 0.4220489977728285 0.7312252964426877 0.42761692650334077 0.7648221343873518 0.43875278396436523 0.7747035573122529 0.45434298440979953 0.8201581027667985 0.45434298440979953 0.8557312252964426 0.4487750556792873 0.8715415019762845 0.46993318485523383 0.9308300395256917 0.477728285077951 0.9367588932806324 0.4922048997772829 0.9229249011857708 0.5066815144766147 0.9209486166007905 0.5011135857461024 0.8932806324110671 0.5022271714922049 0.8675889328063241 0.4888641425389755 0.8201581027667985 0.48775055679287305 0.8003952569169961 0.47216035634743875 0.7628458498023716 0.4755011135857461 0.7252964426877471 0.4643652561247216 0.7035573122529645 0.4532293986636971 0.6976284584980237 0.43875278396436523 0.6936758893280632
0 0.4576837416481069 0.658102766798419 0.45657015590200445 0.6897233201581028 0.46770601336302897 0.7075098814229249 0.47438752783964366 0.758893280632411 0.48775055679287305 0.7944664031620553 0.5044543429844098 0.8675889328063241 0.5 0.9051383399209486 0.534521158129176 0.9565217391304348 0.5311804008908686 0.9940711462450593 0.5378619153674833 0.9980237154150198 0.5423162583518931 0.9920948616600791 0.5400890868596881 0.9703557312252964 0.5501113585746102 0.9209486166007905 0.5601336302895323 0.9071146245059288 0.5645879732739421 0.8853754940711462 0.566815144766147 0.7509881422924901 0.5812917594654788 0.7351778656126482 0.5879732739420935 0.6936758893280632 0.566815144766147 0.5948616600790514 0.5512249443207127 0.5790513833992095 0.5256124721603563 0.5276679841897233 0.5244988864142539 0.49209486166007904 0.5111358574610245 0.4624505928853755 0.4955456570155902 0.466403162055336 0.4844097995545657 0.49209486166007904
0 0.4420935412026726 0.4980237154150198 0.4365256124721604 0.5454545454545454 0.3930957683741648 0.5869565217391305 0.39643652561247217 0.6304347826086957 0.4086859688195991 0.6324110671936759 0.4209354120267261 0.6146245059288538 0.4354120267260579 0.6245059288537549 0.44543429844098 0.6442687747035574 0.45657015590200445 0.6462450592885376 0.4643652561247216 0.6047430830039525 0.477728285077951 0.5830039525691699 0.4732739420935412 0.5533596837944664 0.4799554565701559 0.5355731225296443 0.4799554565701559 0.5197628458498024 0.46993318485523383 0.49209486166007904 0.4487750556792873 0.4881422924901186
0 0.3195991091314031 0.4525691699604743 0.3195991091314031 0.4841897233201581 0.30734966592427615 0.5177865612648221 0.3151447661469933 0.5276679841897233 0.32516703786191536 0.5691699604743083 0.32293986636971045 0.5909090909090909 0.3262806236080178 0.6027667984189723 0.34521158129175944 0.6284584980237155 0.36414253897550114 0.6679841897233202 0.3775055679287305 0.6225296442687747 0.3730512249443207 0.5316205533596838 0.36080178173719374 0.5059288537549407 0.35412026726057905 0.47776679841897235 0.35412026726057905 0.44664031620553357 0.3463251670378619 0.4308300395256917 0.32962138084632514 0.43280632411067194
0 0.24053452115812918 0.424901185770751 0.23942093541202672 0.4525691699604743 0.24498886414253898 0.4841897233201581 0.267260579064588 0.4407114624505929 0.2906458797327394 0.43873517786561267 0.2795100222717149 0.39920948616600793 0.2828507795100223 0.383399209486166 0.2739420935412027 0.3577075098814229 0.2661469933184855 0.35177865612648224 0.2505567928730512 0.3675889328063241 0.24832962138084633 0.40118577075098816
0 0.21269487750556793 0.3932806324110672 0.21046770601336304 0.4031620553359684 0.21937639198218262 0.43873517786561267 0.23719376391982183 0.45652173913043476 0.23942093541202672 0.41699604743083 0.23608017817371937 0.4031620553359684 0.22048997772828507 0.38735177865612647
0 0.1447661469933185 0.29051383399209485 0.1403118040089087 0.31620553359683795 0.1603563474387528 0.32806324110671936 0.16592427616926503 0.36561264822134387 0.18151447661469933 0.3893280632411067 0.23496659242761692 0.38735177865612647 0.23719376391982183 0.3438735177865613 0.23385300668151449 0.3102766798418972 0.22383073496659242 0.274703557312253 0.20155902004454343 0.24308300395256918 0.19487750556792874 0.191699604743083 0.18262806236080179 0.18774703557312253 0.17371937639198218 0.1976284584980237 0.16146993318485522 0.2648221343873518
0 0.24498886414253898 0.2628458498023715 0.23719376391982183 0.31225296442687744 0.24053452115812918 0.39723320158102765 0.24498886414253898 0.40711462450592883 0.2795100222717149 0.39920948616600793 0.2906458797327394 0.4209486166007905 0.3062360801781737 0.391304347826087 0.3040089086859688 0.35968379446640314 0.2884187082405345 0.29446640316205536 0.2739420935412027 0.25296442687747034 0.2650334075723831 0.24110671936758893 0.25389755011135856 0.24308300395256918
0 0.20935412026726058 0.11264822134387352 0.21269487750556793 0.14031620553359683 0.20044543429844097 0.17984189723320157 0.21380846325167038 0.21541501976284586 0.21492204899777284 0.23517786561264822 0.24053452115812918 0.2845849802371542 0.2583518930957684 0.18181818181818182 0.24053452115812918 0.15217391304347827 0.2383073496659243 0.11462450592885376 0.23273942093541203 0.1007905138339921 0.21937639198218262 0.09683794466403162
0 0.19821826280623608 0.18774703557312253 0.20044543429844097 0.233201581027668 0.21380846325167038 0.2628458498023715 0.22160356347438753 0.26877470355731226 0.23385300668151449 0.30632411067193677 0.23719376391982183 0.2885375494071146 0.23273942093541203 0.2707509881422925 0.2182628062360802 0.2509881422924901 0.20935412026726058 0.19367588932806323
0 0.3674832962138085 0.11067193675889328 0.37082405345211583 0.15217391304347827 0.3574610244988864 0.18972332015810275 0.3619153674832962 0.2015810276679842 0.37082405345211583 0.19367588932806323 0.39420935412026725 0.19960474308300397 0.40089086859688194 0.18972332015810275 0.4064587973273942 0.16403162055335968 0.39532293986636974 0.15019762845849802 0.3975501113585746 0.10869565217391304 0.3908685968819599 0.09486166007905138 0.3830734966592428 0.09288537549407115 0.3730512249443207 0.09683794466403162
0 0.3619153674832962 0.21146245059288538 0.36525612472160357 0.25296442687747034 0.3518930957683742 0.2865612648221344 0.36080178173719374 0.30039525691699603 0.3674832962138085 0.32608695652173914 0.37973273942093544 0.33201581027667987 0.38530066815144765 0.30632411067193677 0.3975501113585746 0.2964426877470356 0.4131403118040089 0.30632411067193677 0.4220489977728285 0.30237154150197626 0.39420935412026725 0.2075098814229249 0.37193763919821826 0.1956521739130435
0 0.3975501113585746 0.1956521739130435 0.39643652561247217 0.20553359683794467 0.4086859688195991 0.2391304347826087 0.4220489977728285 0.21541501976284586 0.42761692650334077 0.18181818181818182 0.4198218262806236 0.16403162055335968 0.41202672605790647 0.16205533596837945 0.4042316258351893 0.17193675889328064
0 0.41202672605790647 0.22332015810276679 0.40979955456570155 0.2549407114624506 0.4209354120267261 0.28063241106719367 0.4309576837416481 0.2608695652173913 0.4287305122494432 0.22727272727272727 0.4209354120267261 0.21541501976284586
0 0.4265033407572383 0.1956521739130435 0.4242761692650334 0.2075098814229249 0.4309576837416481 0.233201581027668 0.4298440979955457 0.2648221343873518 0.4242761692650334 0.27865612648221344 0.4265033407572383 0.30434782608695654 0.43318485523385303 0.3102766798418972 0.43875278396436523 0.2984189723320158 0.4532293986636971 0.2924901185770751 0.4599109131403118 0.30237154150197626 0.4599109131403118 0.32806324110671936 0.4821826280623608 0.31620553359683795 0.4866369710467706 0.26877470355731226 0.48329621380846327 0.2450592885375494 0.4420935412026726 0.17984189723320157
0 0.4487750556792873 0.15217391304347827 0.4443207126948775 0.1600790513833992 0.4443207126948775 0.17588932806324112 0.48106904231625836 0.24110671936758893 0.4844097995545657 0.3142292490118577 0.4977728285077951 0.32608695652173914 0.5033407572383074 0.308300395256917 0.5 0.2707509881422925 0.47438752783964366 0.15810276679841898 0.46993318485523383 0.14624505928853754
0 0.4766146993318486 0.16600790513833993 0.47438752783964366 0.191699604743083 0.48552338530066813 0.20553359683794467 0.48775055679287305 0.233201581027668 0.5022271714922049 0.2826086956521739 0.5033407572383074 0.30632411067193677 0.5077951002227171 0.3102766798418972 0.5189309576837416 0.2391304347826087 0.5167037861915368 0.21146245059288538 0.5311804008908686 0.17588932806324112 0.5256124721603563 0.15612648221343872 0.5200445434298441 0.15217391304347827 0.5233853006681515 0.12845849802371542 0.5155902004454342 0.08498023715415019 0.5033407572383074 0.08695652173913043 0.49665924276169265 0.09683794466403162 0.49443207126948774 0.11857707509881422
0 0.5167037861915368 0.25889328063241107 0.5178173719376392 0.2845849802371542 0.5256124721603563 0.2826086956521739 0.5267260579064588 0.2727272727272727 0.5412026726057907 0.25889328063241107 0.5556792873051225 0.1956521739130435 0.566815144766147 0.191699604743083 0.5567928730512249 0.15612648221343872 0.5412026726057907 0.15217391304347827 0.5367483296213809 0.15810276679841898 0.532293986636971 0.18774703557312253 0.5378619153674833 0.2075098814229249 0.5200445434298441 0.24110671936758893
0 0.5211581291759465 0.27865612648221344 0.5211581291759465 0.2865612648221344 0.5334075723830735 0.2826086956521739 0.5489977728285078 0.29446640316205536 0.5545657015590201 0.3142292490118577 0.5567928730512249 0.3616600790513834 0.5746102449888641 0.3794466403162055 0.5824053452115813 0.36363636363636365 0.579064587973274 0.3438735177865613 0.5824053452115813 0.3142292490118577 0.5935412026726058 0.2984189723320158 0.5734966592427617 0.20355731225296442 0.5567928730512249 0.191699604743083 0.544543429844098 0.2549407114624506
0 0.4821826280623608 0.39920948616600793 0.47884187082405344 0.45454545454545453 0.48775055679287305 0.4644268774703557 0.5022271714922049 0.45652173913043476 0.5155902004454342 0.40118577075098816 0.534521158129176 0.4031620553359684 0.5523385300668151 0.4762845849802372 0.5634743875278396 0.49604743083003955 0.5690423162583519 0.5197628458498024 0.5734966592427617 0.4683794466403162 0.5712694877505567 0.383399209486166 0.5478841870824054 0.3557312252964427 0.5501113585746102 0.3241106719367589 0.544543429844098 0.29051383399209485 0.5289532293986637 0.2845849802371542 0.5178173719376392 0.2924901185770751 0.5111358574610245 0.3201581027667984 0.512249443207127 0.35177865612648224 0.4888641425389755 0.3814229249011858
0 0.4198218262806236 0.33992094861660077 0.4209354120267261 0.3794466403162055 0.4153674832962138 0.4150197628458498 0.4242761692650334 0.4426877470355731 0.4521158129175947 0.4841897233201581 0.477728285077951 0.49407114624505927 0.48106904231625836 0.48221343873517786 0.4732739420935412 0.4308300395256917 0.4521158129175947 0.40118577075098816 0.4510022271714922 0.38537549407114624 0.4610244988864143 0.35375494071146246 0.4599109131403118 0.3339920948616601 0.44766146993318484 0.3181818181818182 0.43429844097995546 0.31620553359683795
0 0.35634743875278396 0.45454545454545453 0.3574610244988864 0.4980237154150198 0.3775055679287305 0.5573122529644269 0.3730512249443207 0.5691699604743083 0.37639198218262804 0.6067193675889329 0.37973273942093544 0.6264822134387352 0.38641425389755013 0.6324110671936759 0.39420935412026725 0.6067193675889329 0.39198218262806234 0.5849802371541502 0.4053452115812918 0.567193675889328 0.43207126948775054 0.5513833992094862 0.4487750556792873 0.48023715415019763 0.42316258351893093 0.4407114624505929 0.4131403118040089 0.4051383399209486 0.4153674832962138 0.3715415019762846 0.40979955456570155 0.3557312252964427 0.40200445434298443 0.34980237154150196 0.38752783964365256 0.34980237154150196 0.37861915367483295 0.3616600790513834 0.3741648106904232 0.38537549407114624 0.3775055679287305 0.42292490118577075
0 0.30734966592427615 0.36363636363636365 0.30957683741648107 0.40118577075098816 0.2951002227171492 0.44664031620553357 0.3028953229398664 0.4723320158102767 0.29955456570155903 0.5138339920948617 0.3151447661469933 0.5019762845849802 0.31737193763919824 0.4525691699604743 0.3285077951002227 0.4308300395256917 0.3418708240534521 0.424901185770751 0.35523385300668153 0.4426877470355731 0.3619153674832962 0.4407114624505929 0.3418708240534521 0.3458498023715415 0.32405345211581293 0.3359683794466403 0.311804008908686 0.34782608695652173
0 0.3574610244988864 0.3438735177865613 0.35523385300668153 0.4031620553359684 0.3685968819599109 0.43478260869565216 0.37639198218262804 0.41699604743083 0.37193763919821826 0.39723320158102765 0.3752783964365256 0.36561264822134387 0.3841870824053452 0.3458498023715415 0.3730512249443207 0.33201581027667987 0.36525612472160357 0.33201581027667987
0 0.522271714922049 0.04940711462450593 0.5211581291759465 0.08102766798418973 0.5269309576837417 0.10769762845849802 0.532293986636971 0.13438735177865613 0.5467706013363028 0.11264822134387352 0.5478841870824054 0.04940711462450593 0.5412026726057907 0.037549407114624504 0.5300668151447662 0.037549407114624504
0 0.5478841870824054 0.08498023715415019 0.5512249443207127 0.116600790513834 0.5657015590200446 0.1442687747035573 0.5757238307349666 0.11857707509881422 0.5746102449888641 0.07707509881422925 0.5612472160356348 0.0691699604743083
0 0.5367483296213809 0.13636363636363635 0.5356347438752784 0.15810276679841898 0.5423162583518931 0.1482213438735178 0.5601336302895323 0.16403162055335968 0.5645879732739421 0.15612648221343872 0.5634743875278396 0.14031620553359683 0.5534521158129176 0.1225296442687747 0.544543429844098 0.1225296442687747
0 0.5868596881959911 0.10276679841897234 0.5924276169265034 0.14624505928853754 0.5734966592427617 0.17588932806324112 0.5712694877505567 0.19367588932806323 0.5857461024498887 0.2391304347826087 0.5946547884187082 0.2964426877470356 0.60913140311804 0.30434782608695654 0.6180400890868597 0.33794466403162055 0.6314031180400891 0.33794466403162055 0.6369710467706013 0.28063241106719367 0.6469933184855234 0.2549407114624506 0.6447661469933185 0.23517786561264822 0.6469933184855234 0.21739130434782608 0.6514476614699332 0.2134387351778656 0.6503340757238307 0.1857707509881423 0.6458797327394209 0.16996047430830039 0.6158129175946548 0.13438735177865613 0.6146993318485523 0.09881422924901186 0.60913140311804 0.08695652173913043 0.5968819599109132 0.08695652173913043
0 0.6380846325167038 0.045454545454545456 0.6358574610244989 0.06521739130434782 0.6425389755011136 0.09881422924901186 0.6536748329621381 0.11462450592885376 0.6614699331848553 0.1422924901185771 0.6681514476614699 0.1442687747035573 0.678173719376392 0.11857707509881422 0.6759465478841871 0.10276679841897234 0.6581291759465479 0.08300395256916997 0.6492204899777283 0.043478260869565216
0 0.6169265033407573 0.10474308300395258 0.6158129175946548 0.13636363636363635 0.623608017817372 0.15217391304347827 0.6336302895322939 0.15810276679841898 0.6325167037861915 0.17193675889328064 0.6369710467706013 0.18379446640316205 0.6458797327394209 0.18972332015810275 0.6447661469933185 0.25691699604743085 0.6369710467706013 0.2865612648221344 0.6380846325167038 0.3102766798418972 0.6336302895322939 0.33201581027667987 0.6525612472160356 0.3675889328063241 0.6458797327394209 0.40118577075098816 0.6581291759465479 0.4308300395256917 0.6648106904231625 0.4209486166007905 0.6625835189309577 0.36561264822134387 0.6726057906458798 0.2885375494071146 0.6714922048997772 0.24703557312252963 0.6614699331848553 0.20553359683794467 0.6648106904231625 0.17391304347826086 0.6614699331848553 0.1541501976284585 0.6547884187082406 0.1541501976284585 0.6380846325167038 0.09683794466403162 0.6258351893095768 0.08893280632411067
0 0.6670378619153675 0.16600790513833993 0.6681514476614699 0.21936758893280633 0.6815144766146993 0.2885375494071146 0.6915367483296214 0.29051383399209485 0.6982182628062361 0.2766798418972332 0.7082405345211581 0.274703557312253 0.7193763919821826 0.2490118577075099 0.7193763919821826 0.20355731225296442 0.7071269487750557 0.19367588932806323 0.7071269487750557 0.15217391304347827 0.7216035634743875 0.13438735177865613 0.7193763919821826 0.09486166007905138 0.7104677060133631 0.08695652173913043 0.6971046770601337 0.08893280632411067 0.6926503340757239 0.11067193675889328 0.678173719376392 0.1225296442687747
0 0.6815144766146993 0.1383399209486166 0.6804008908685969 0.15019762845849802 0.6726057906458798 0.15810276679841898 0.7216035634743875 0.21739130434782608 0.7249443207126949 0.2608695652173913 0.7305122494432071 0.2608695652173913 0.7360801781737194 0.23122529644268774 0.7483296213808464 0.20948616600790515 0.7561247216035635 0.17193675889328064 0.7639198218262806 0.1600790513833992 0.7817371937639198 0.16403162055335968 0.7962138084632516 0.18972332015810275 0.7895322939866369 0.1482213438735178 0.7616926503340757 0.1007905138339921 0.7583518930957683 0.07509881422924901 0.7516703786191536 0.06521739130434782 0.7394209354120267 0.06521739130434782 0.7338530066815144 0.07509881422924901 0.7338530066815144 0.1007905138339921 0.7249443207126949 0.11462450592885376 0.7260579064587973 0.13043478260869565 0.720489977728285 0.14031620553359683 0.6993318485523385 0.15217391304347827
0 0.7472160356347439 0.233201581027668 0.7494432071269488 0.2608695652173913 0.7605790645879733 0.274703557312253 0.7694877505567929 0.274703557312253 0.7750556792873051 0.2490118577075099 0.767260579064588 0.21541501976284586 0.7616926503340757 0.2075098814229249 0.755011135857461 0.20948616600790515
0 0.678173719376392 0.424901185770751 0.6748329621380846 0.4505928853754941 0.678173719376392 0.4683794466403162 0.6670378619153675 0.4980237154150198 0.7082405345211581 0.4980237154150198 0.7171492204899778 0.5079051383399209 0.72271714922049 0.5513833992094862 0.7338530066815144 0.5513833992094862 0.7316258351893096 0.525691699604743 0.7438752783964365 0.4901185770750988 0.7616926503340757 0.48221343873517786 0.7516703786191536 0.42292490118577075 0.7383073496659243 0.4090909090909091 0.7316258351893096 0.38735177865612647 0.7338530066815144 0.33201581027667987 0.7260579064587973 0.3241106719367589 0.7060133630289532 0.3300395256916996 0.7026726057906458 0.33794466403162055 0.7060133630289532 0.3794466403162055 0.700445434298441 0.40118577075098816
0 0.5879732739420935 0.4525691699604743 0.5913140311804009 0.5118577075098815 0.6002227171492205 0.4644268774703557 0.611358574610245 0.4505928853754941 0.623608017817372 0.4505928853754941 0.6469933184855234 0.48023715415019763 0.6469933184855234 0.5158102766798419 0.655902004454343 0.5276679841897233 0.6648106904231625 0.5177865612648221 0.6681514476614699 0.4723320158102767 0.6625835189309577 0.44664031620553357 0.6414253897550112 0.4031620553359684 0.6414253897550112 0.35968379446640314 0.6336302895322939 0.34189723320158105 0.6124721603563474 0.34980237154150196 0.60913140311804 0.36363636363636365 0.611358574610245 0.41304347826086957
0 0.5824053452115813 0.3221343873517787 0.5846325167037862 0.3616600790513834 0.5746102449888641 0.38537549407114624 0.576837416481069 0.4901185770750988 0.5801781737193764 0.49604743083003955 0.5846325167037862 0.49209486166007904 0.5924276169265034 0.43478260869565216 0.6080178173719376 0.41699604743083 0.6102449888641426 0.35375494071146246 0.6146993318485523 0.33794466403162055 0.6135857461024499 0.31620553359683795 0.6057906458797327 0.30632411067193677 0.5913140311804009 0.30632411067193677
0 0.5712694877505567 0.7845849802371542 0.5712694877505567 0.8715415019762845 0.576837416481069 0.9011857707509882 0.5701559020044543 0.9683794466403162 0.579064587973274 0.9762845849802372 0.6013363028953229 0.9209486166007905 0.5979955456570156 0.9071146245059288 0.6013363028953229 0.8399209486166008 0.6815144766146993 0.6640316205533597 0.6915367483296214 0.6640316205533597 0.6859688195991092 0.6264822134387352 0.6525612472160356 0.5513833992094862 0.6481069042316259 0.5177865612648221 0.643652561247216 0.5138339920948617 0.6347438752783965 0.4723320158102767 0.60913140311804 0.4762845849802372 0.5946547884187082 0.49407114624505927 0.589086859688196 0.5869565217391305 0.5746102449888641 0.6086956521739131 0.589086859688196 0.691699604743083 0.5868596881959911 0.7213438735177866 0.5757238307349666 0.7529644268774703
0 0.5723830734966593 0.841897233201581 0.5757238307349666 0.8913043478260869 0.5701559020044543 0.9683794466403162 0.5812917594654788 0.9723320158102767 0.6013363028953229 0.9268774703557312 0.6191536748329621 0.9110671936758893 0.6347438752783965 0.857707509881423 0.6414253897550112 0.8023715415019763 0.6547884187082406 0.7687747035573123 0.6703786191536748 0.758893280632411 0.6837416481069042 0.7628458498023716 0.6993318485523385 0.7865612648221344 0.6959910913140311 0.7529644268774703 0.6759465478841871 0.7351778656126482 0.6737193763919822 0.717391304347826 0.6804008908685969 0.6897233201581028 0.6714922048997772 0.6442687747035574 0.6525612472160356 0.6363636363636364 0.6380846325167038 0.6482213438735178 0.6325167037861915 0.6818181818181818 0.6358574610244989 0.7114624505928854 0.6280623608017817 0.7252964426877471 0.6002227171492205 0.7430830039525692 0.5879732739420935 0.7885375494071146 0.5734966592427617 0.8003952569169961
0 0.6224944320712695 0.9031620553359684 0.6191536748329621 0.9209486166007905 0.6469933184855234 0.9367588932806324 0.6525612472160356 0.950592885375494 0.6536748329621381 0.9762845849802372 0.6592427616926503 0.9841897233201581 0.6648106904231625 0.9861660079051383 0.6648106904231625 0.9802371541501976 0.7048997772828508 0.9486166007905138 0.7138084632516704 0.9624505928853755 0.7160356347438753 0.9822134387351779 0.732739420935412 0.9822134387351779 0.7516703786191536 0.9980237154150198 0.7605790645879733 0.9940711462450593 0.7583518930957683 0.9565217391304348 0.7271714922048997 0.883399209486166 0.7060133630289532 0.8695652173913043 0.7048997772828508 0.8517786561264822 0.6959910913140311 0.8280632411067194 0.6971046770601337 0.7865612648221344 0.6859688195991092 0.766798418972332 0.6648106904231625 0.7648221343873518 0.6503340757238307 0.7865612648221344
0 0.6581291759465479 0.9110671936758893 0.6636971046770601 0.9703557312252964 0.655902004454343 0.9940711462450593 0.6893095768374164 0.9980237154150198 0.6937639198218263 0.9545454545454546 0.7104677060133631 0.9624505928853755 0.7060133630289532 0.9486166007905138 0.7071269487750557 0.9130434782608695 0.6948775055679287 0.8853754940711462 0.6748329621380846 0.8814229249011858 0.6659242761692651 0.8893280632411067
0 0.9432071269487751 0.9762845849802372 0.9432071269487751 0.9980237154150198 0.9988864142538976 0.9980237154150198 0.9988864142538976 0.9664031620553359 0.9933184855233853 0.9486166007905138 0.9721603563474388 0.9268774703557312 0.9565701559020044 0.932806324110672
0 0.8552338530066815 0.8932806324110671 0.8596881959910914 0.9090909090909091 0.8541202672605791 0.950592885375494 0.8485523385300668 0.9624505928853755 0.8530066815144766 0.974308300395257 0.8530066815144766 0.9980237154150198 0.9342984409799554 0.9980237154150198 0.9387527839643652 0.9940711462450593 0.9543429844097996 0.9308300395256917 0.9810690423162584 0.9209486166007905 0.9732739420935412 0.8715415019762845 0.955456570155902 0.8557312252964426 0.9599109131403119 0.8379446640316206 0.9376391982182628 0.7430830039525692 0.9142538975501113 0.7430830039525692 0.9020044543429844 0.7569169960474308 0.8986636971046771 0.7964426877470355 0.9031180400890868 0.83399209486166 0.8596881959910914 0.8774703557312253
0 0.6948775055679287 0.7035573122529645 0.6948775055679287 0.7450592885375494 0.7015590200445434 0.7569169960474308 0.7037861915367484 0.7806324110671937 0.6982182628062361 0.8201581027667985 0.7082405345211581 0.8695652173913043 0.7260579064587973 0.8794466403162056 0.7616926503340757 0.9604743083003953 0.7806236080178174 0.9347826086956522 0.7750556792873051 0.9051383399209486 0.7850779510022272 0.8814229249011858 0.7906458797327395 0.8814229249011858 0.7973273942093542 0.857707509881423 0.7817371937639198 0.7727272727272727 0.7594654788418709 0.7430830039525692 0.7416481069042317 0.6679841897233202 0.732739420935412 0.6541501976284585 0.7149220489977728 0.6521739130434783 0.7060133630289532 0.6620553359683794
0 0.6636971046770601 0.541501976284585 0.6614699331848553 0.5612648221343873 0.6659242761692651 0.5849802371541502 0.6915367483296214 0.6343873517786561 0.700445434298441 0.6284584980237155 0.7037861915367484 0.6225296442687747 0.7015590200445434 0.5770750988142292 0.6937639198218263 0.5375494071146245 0.6759465478841871 0.5237154150197628
0 0.6804008908685969 0.5118577075098815 0.6770601336302895 0.5177865612648221 0.6982182628062361 0.549407114624506 0.7026726057906458 0.5948616600790514 0.7060133630289532 0.5948616600790514 0.7249443207126949 0.5632411067193676 0.7182628062360802 0.5375494071146245 0.7182628062360802 0.5158102766798419 0.700445434298441 0.49604743083003955
0 0.7371937639198218 0.5079051383399209 0.734966592427617 0.5375494071146245 0.7394209354120267 0.5592885375494071 0.7527839643652561 0.567193675889328 0.7761692650334076 0.5632411067193676 0.779510022271715 0.5197628458498024 0.7694877505567929 0.49209486166007904 0.7516703786191536 0.48616600790513836
0 0.7071269487750557 0.5948616600790514 0.7060133630289532 0.6225296442687747 0.6982182628062361 0.6482213438735178 0.700445434298441 0.6640316205533597 0.7138084632516704 0.650197628458498 0.734966592427617 0.6541501976284585 0.7483296213808464 0.6798418972332015 0.7527839643652561 0.717391304347826 0.7616926503340757 0.7351778656126482 0.7683741648106904 0.7351778656126482 0.7728285077951003 0.7134387351778656 0.7895322939866369 0.6956521739130435 0.779510022271715 0.6383399209486166 0.7973273942093542 0.6067193675889329 0.77728285077951 0.5632411067193676 0.7783964365256125 0.5158102766798419 0.7706013363028953 0.49407114624505927 0.7628062360801782 0.48616600790513836 0.7438752783964365 0.49407114624505927 0.734966592427617 0.5296442687747036 0.7394209354120267 0.5553359683794467 0.7160356347438753 0.5770750988142292
0 0.7828507795100222 0.6343873517786561 0.7828507795100222 0.6561264822134387 0.7917594654788419 0.6897233201581028 0.7728285077951003 0.7193675889328063 0.7694877505567929 0.7450592885375494 0.7828507795100222 0.7747035573122529 0.7973273942093542 0.8754940711462451 0.8028953229398663 0.8774703557312253 0.8195991091314031 0.7806324110671937 0.8429844097995546 0.7470355731225297 0.8429844097995546 0.7035573122529645 0.8307349665924276 0.6897233201581028 0.8285077951002228 0.6363636363636364 0.8151447661469933 0.6146245059288538 0.7951002227171492 0.6146245059288538
0 0.8095768374164811 0.8201581027667985 0.8073496659242761 0.8873517786561265 0.8106904231625836 0.9071146245059288 0.8329621380846325 0.8280632411067194 0.8452115812917594 0.8122529644268774 0.8507795100222717 0.7905138339920948 0.8608017817371938 0.782608695652174 0.8752783964365256 0.7272727272727273 0.8897550111358574 0.7114624505928854 0.89086859688196 0.6818181818181818 0.8819599109131403 0.658102766798419 0.8619153674832962 0.6521739130434783 0.8530066815144766 0.6600790513833992 0.844097995545657 0.6956521739130435 0.844097995545657 0.7490118577075099 0.8207126948775055 0.7786561264822134
0 0.7694877505567929 0.9486166007905138 0.7639198218262806 0.958498023715415 0.765033407572383 0.9980237154150198 0.8351893095768375 0.9960474308300395 0.8273942093541202 0.9624505928853755 0.811804008908686 0.9644268774703557 0.8073496659242761 0.950592885375494 0.7928730512249443 0.9387351778656127
0 0.8329621380846325 0.6482213438735178 0.8318485523385301 0.6798418972332015 0.8429844097995546 0.691699604743083 0.8541202672605791 0.6561264822134387 0.876391982182628 0.6482213438735178 0.8942093541202673 0.6284584980237155 0.8864142538975501 0.5889328063241107 0.8875278396436526 0.5513833992094862 0.8775055679287305 0.5276679841897233 0.8630289532293987 0.5217391304347826 0.8552338530066815 0.5276679841897233 0.8463251670378619 0.549407114624506
0 0.8841870824053452 0.6363636363636364 0.876391982182628 0.650197628458498 0.8875278396436526 0.66600790513834 0.8930957683741648 0.7094861660079052 0.8997772828507795 0.717391304347826 0.9220489977728286 0.7114624505928854 0.9242761692650334 0.7055335968379447 0.9153674832962138 0.650197628458498 0.9020044543429844 0.6343873517786561
0 0.933184855233853 0.5138339920948617 0.933184855233853 0.575098814229249 0.9253897550111359 0.5968379446640316 0.9097995545657016 0.6047430830039525 0.9020044543429844 0.6245059288537549 0.9120267260579065 0.6403162055335968 0.9287305122494433 0.6996047430830039 0.9565701559020044 0.6739130434782609 0.9565701559020044 0.658102766798419 0.9454342984409799 0.6264822134387352 0.9576837416481069 0.5830039525691699 0.977728285077951 0.5592885375494071 0.9743875278396437 0.5158102766798419 0.9621380846325167 0.49604743083003955 0.9476614699331849 0.49604743083003955
0 0.9487750556792873 0.6126482213438735 0.9599109131403119 0.6600790513833992 0.9532293986636972 0.6837944664031621 0.9376391982182628 0.6976284584980237 0.9420935412026726 0.7015810276679841 0.9576837416481069 0.6837944664031621 0.9643652561247216 0.6857707509881423 0.9799554565701559 0.7055335968379447 0.9899777282850779 0.7391304347826086 0.9988864142538976 0.741106719367589 0.9988864142538976 0.5810276679841897 0.9866369710467706 0.567193675889328 0.9732739420935412 0.567193675889328
0 0.9420935412026726 0.7015810276679841 0.9365256124721604 0.7233201581027668 0.9476614699331849 0.7549407114624506 0.9810690423162584 0.7509881422924901 0.9844097995545658 0.7450592885375494 0.9810690423162584 0.7154150197628458 0.9710467706013363 0.6956521739130435 0.9565701559020044 0.6897233201581028
0 0.9476614699331849 0.7608695652173914 0.9454342984409799 0.7707509881422925 0.9587973273942093 0.8241106719367589 0.9632516703786191 0.8320158102766798 0.9788418708240535 0.8162055335968379 0.9743875278396437 0.7707509881422925 0.9665924276169265 0.7608695652173914
0 0.9465478841870824 0.7628458498023716 0.9454342984409799 0.7707509881422925 0.9832962138084632 0.9090909090909091 0.9988864142538976 0.924901185770751 0.9988864142538976 0.8438735177865613 0.9922048997772829 0.8241106719367589 0.9799554565701559 0.8102766798418972 0.9721603563474388 0.766798418972332
0 0.9821826280623608 0.40711462450592883 0.9799554565701559 0.4525691699604743 0.9665924276169265 0.49604743083003955 0.9799554565701559 0.5197628458498024 0.9788418708240535 0.5573122529644269 0.9988864142538976 0.5691699604743083 0.9988864142538976 0.391304347826087 0.987750556792873 0.3932806324110672
0 0.8808463251670379 0.5197628458498024 0.8797327394209354 0.5296442687747036 0.8864142538975501 0.5395256916996047 0.89086859688196 0.5652173913043478 0.888641425389755 0.5869565217391305 0.8930957683741648 0.5988142292490118 0.8997772828507795 0.5988142292490118 0.9064587973273942 0.5928853754940712 0.9086859688195991 0.5711462450592886 0.9164810690423163 0.5592885375494071 0.9142538975501113 0.5375494071146245 0.9187082405345212 0.5158102766798419 0.9621380846325167 0.4841897233201581 0.9632516703786191 0.466403162055336 0.9487750556792873 0.4268774703557312 0.9320712694877505 0.4090909090909091 0.9175946547884187 0.4051383399209486 0.9042316258351893 0.41699604743083 0.9031180400890868 0.45454545454545453
0 0.7783964365256125 0.4901185770750988 0.7850779510022272 0.5889328063241107 0.8129175946547884 0.6086956521739131 0.821826280623608 0.5573122529644269 0.8051224944320713 0.4881422924901186 0.7884187082405345 0.4743083003952569
0 0.7371937639198218 0.29446640316205536 0.7416481069042317 0.34980237154150196 0.7338530066815144 0.383399209486166 0.7405345211581291 0.40711462450592883 0.7527839643652561 0.4209486166007905 0.7639198218262806 0.4762845849802372 0.7951002227171492 0.4723320158102767 0.8073496659242761 0.49604743083003955 0.8162583518930958 0.5019762845849802 0.8195991091314031 0.466403162055336 0.8262806236080178 0.4505928853754941 0.8162583518930958 0.39723320158102765 0.8017817371937639 0.3675889328063241 0.779510022271715 0.3458498023715415 0.7694877505567929 0.2826086956521739 0.7505567928730512 0.2707509881422925 0.7438752783964365 0.274703557312253
0 0.8407572383073497 0.3438735177865613 0.8363028953229399 0.3695652173913043 0.8385300668151447 0.3952569169960474 0.8229398663697105 0.4209486166007905 0.8229398663697105 0.5237154150197628 0.8318485523385301 0.5889328063241107 0.8385300668151447 0.5849802371541502 0.8385300668151447 0.5573122529644269 0.8507795100222717 0.5217391304347826 0.8630289532293987 0.5039525691699605 0.8775055679287305 0.4980237154150198 0.8797327394209354 0.4881422924901186 0.8808463251670379 0.4308300395256917 0.8730512249443207 0.41106719367588934 0.8719376391982183 0.3774703557312253 0.8775055679287305 0.32608695652173914 0.8663697104677061 0.31620553359683795 0.844097995545657 0.3339920948616601
0 0.878619153674833 0.40118577075098816 0.8819599109131403 0.43280632411067194 0.878619153674833 0.4683794466403162 0.8853006681514477 0.49209486166007904 0.8975501113585747 0.48023715415019763 0.9075723830734966 0.4209486166007905 0.9164810690423163 0.4051383399209486 0.9309576837416481 0.4031620553359684 0.9298440979955457 0.38735177865612647 0.9164810690423163 0.35177865612648224 0.9042316258351893 0.33794466403162055 0.8930957683741648 0.34782608695652173
0 0.9599109131403119 0.37351778656126483 0.9587973273942093 0.39920948616600793 0.9732739420935412 0.4624505928853755 0.9799554565701559 0.44861660079051385 0.9788418708240535 0.42292490118577075 0.9832962138084632 0.4051383399209486 0.9933184855233853 0.38537549407114624 0.9922048997772829 0.3695652173913043 0.9844097995545658 0.34782608695652173 0.9721603563474388 0.3438735177865613 0.9610244988864143 0.3577075098814229
0 0.9521158129175946 0.24703557312252963 0.9409799554565702 0.308300395256917 0.9354120267260579 0.3142292490118577 0.9465478841870824 0.34980237154150196 0.9532293986636972 0.3438735177865613 0.9621380846325167 0.35177865612648224 0.9788418708240535 0.34189723320158105 0.9910913140311804 0.35968379446640314 0.9988864142538976 0.3616600790513834 0.9988864142538976 0.3201581027667984 0.9910913140311804 0.31225296442687744 0.9821826280623608 0.2450592885375494 0.9665924276169265 0.23517786561264822
0 0.9487750556792873 0.35375494071146246 0.9476614699331849 0.3932806324110672 0.9587973273942093 0.40118577075098816 0.9610244988864143 0.35177865612648224 0.9543429844097996 0.3458498023715415
0 0.9086859688195991 0.30039525691699603 0.9142538975501113 0.3241106719367589 0.9309576837416481 0.3201581027667984 0.9420935412026726 0.30237154150197626 0.9409799554565702 0.2450592885375494 0.9253897550111359 0.23517786561264822 0.923162583518931 0.2608695652173913
0 0.9788418708240535 0.17391304347826086 0.9732739420935412 0.21541501976284586 0.9632516703786191 0.233201581027668 0.9810690423162584 0.24703557312252963 0.9866369710467706 0.2984189723320158 0.9988864142538976 0.3102766798418972 0.9988864142538976 0.1600790513833992 0.9832962138084632 0.1600790513833992
0 0.9799554565701559 0.06521739130434782 0.9844097995545658 0.09683794466403162 0.9721603563474388 0.13043478260869565 0.9832962138084632 0.15612648221343872 0.9988864142538976 0.15612648221343872 0.9988864142538976 0.045454545454545456 0.9888641425389755 0.04940711462450593
0 0.9309576837416481 0.09683794466403162 0.9376391982182628 0.13636363636363635 0.9276169265033407 0.15810276679841898 0.9510022271714922 0.22332015810276679 0.955456570155902 0.23122529644268774 0.9643652561247216 0.22727272727272727 0.9721603563474388 0.21146245059288538 0.9810690423162584 0.15612648221343872 0.9610244988864143 0.12450592885375494 0.9565701559020044 0.08695652173913043 0.9454342984409799 0.08300395256916997
0 0.8953229398663697 0.09486166007905138 0.89086859688196 0.10474308300395258 0.8930957683741648 0.17588932806324112 0.9097995545657016 0.19960474308300397 0.9220489977728286 0.233201581027668 0.9432071269487751 0.233201581027668 0.9387527839643652 0.1857707509881423 0.923162583518931 0.15810276679841898 0.9164810690423163 0.09090909090909091 0.9042316258351893 0.08695652173913043
0 0.8530066815144766 0.1541501976284585 0.8596881959910914 0.18379446640316205 0.8485523385300668 0.2134387351778656 0.8552338530066815 0.20553359683794467 0.8674832962138085 0.20553359683794467 0.8808463251670379 0.21936758893280633 0.8830734966592427 0.233201581027668 0.888641425389755 0.23715415019762845 0.8853006681514477 0.2648221343873518 0.9053452115812918 0.29051383399209485 0.920935412026726 0.2549407114624506 0.9220489977728286 0.2391304347826087 0.9075723830734966 0.1956521739130435 0.8975501113585747 0.18774703557312253 0.8864142538975501 0.13438735177865613 0.8797327394209354 0.12450592885375494 0.8652561247216035 0.1225296442687747
0 0.8407572383073497 0.233201581027668 0.8396436525612472 0.2608695652173913 0.8452115812917594 0.2845849802371542 0.8396436525612472 0.3102766798418972 0.8485523385300668 0.3241106719367589 0.8775055679287305 0.3181818181818182 0.9008908685968819 0.30237154150197626 0.8919821826280624 0.2628458498023715 0.8953229398663697 0.2549407114624506 0.8719376391982183 0.20948616600790515 0.8619153674832962 0.20553359683794467 0.8507795100222717 0.21739130434782608 0.8452115812917594 0.21541501976284586
0 0.7761692650334076 0.2924901185770751 0.7761692650334076 0.33794466403162055 0.811804008908686 0.3794466403162055 0.8195991091314031 0.40711462450592883 0.8240534521158129 0.41106719367588934 0.8318485523385301 0.4031620553359684 0.8463251670378619 0.32806324110671936 0.811804008908686 0.23715415019762845 0.799554565701559 0.22727272727272727 0.7917594654788419 0.2391304347826087 0.7817371937639198 0.25889328063241107
0 0.8073496659242761 0.12845849802371542 0.8051224944320713 0.16732608695652174 0.7962138084632516 0.20553359683794467 0.811804008908686 0.20355731225296442 0.8273942093541202 0.22332015810276679 0.8407572383073497 0.21936758893280633 0.8552338530066815 0.18379446640316205 0.8363028953229399 0.10869565217391304 0.8318485523385301 0.09881422924901186 0.821826280623608 0.09881422924901186
0 0.7861915367483296 0.11462450592885376 0.7850779510022272 0.13438735177865613 0.7962138084632516 0.16600790513833993 0.8028953229398663 0.17193675889328064 0.8051224944320713 0.13636363636363635 0.8207126948775055 0.09683794466403162 0.821826280623608 0.07114624505928854 0.8162583518930958 0.05533596837944664 0.8073496659242761 0.05533596837944664 0.799554565701559 0.06521739130434782
0 0.8207126948775055 0.039525691699604744 0.8229398663697105 0.09288537549407115 0.8363028953229399 0.10474308300395258 0.8518930957683741 0.15217391304347827 0.8585746102449888 0.13043478260869565 0.8708240534521158 0.11857707509881422 0.8674832962138085 0.07707509881422925 0.8585746102449888 0.0533596837944664 0.8485523385300668 0.045454545454545456 0.844097995545657 0 0.8296213808463252 0
0 0.8841870824053452 0.06521739130434782 0.8830734966592427 0.09486166007905138 0.8897550111358574 0.10276679841897234 0.9031180400890868 0.08300395256916997 0.9153674832962138 0.09090909090909091 0.9198218262806236 0.08102766798418973 0.9131403118040089 0.04940711462450593 0.8897550111358574 0.04743083003952569
0 0.9242761692650334 0.0533596837944664 0.923162583518931 0.08102766798418973 0.9276169265033407 0.09090909090909091 0.9476614699331849 0.07905138339920949 0.9432071269487751 0.04940711462450593 0.9342984409799554 0.043478260869565216
0 0.5846325167037862 0.019762845849802372 0.5824053452115813 0.05138339920948617 0.576837416481069 0.06324110671936758 0.5801781737193764 0.08300395256916997 0.5879732739420935 0.07114624505928854 0.6035634743875279 0.06521739130434782 0.60913140311804 0.007905138339920948 0.5935412026726058 0.007905138339920948
0 0.6848552338530067 0.03162055335968379 0.6893095768374164 0.07509881422924901 0.7071269487750557 0.08102766798418973 0.7104677060133631 0.0533596837944664 0.7071269487750557 0.03162055335968379 0.6948775055679287 0.023715415019762844
0 0.6581291759465479 0.06324110671936758 0.6570155902004454 0.07707509881422925 0.6670378619153675 0.11067193675889328 0.6681514476614699 0.1422924901185771 0.6792873051224945 0.116600790513834 0.6792873051224945 0.09486166007905138 0.6870824053452116 0.0691699604743083 0.678173719376392 0.037549407114624504 0.6659242761692651 0.037549407114624504
0 0.16592427616926503 0.019762845849802372 0.16815144766146994 0.06126482213438735 0.1603563474387528 0.07707509881422925 0.16592427616926503 0.1007905138339921 0.18151447661469933 0.09683794466403162 0.19265033407572382 0.07707509881422925 0.2026726057906459 0.08102766798418973 0.20601336302895323 0.06324110671936758 0.19042316258351893 0.005928853754940711 0.17483296213808464 0.003952569169960474
0 0.7583518930957683 0.17588932806324112 0.7516703786191536 0.21541501976284586 0.7639198218262806 0.21146245059288538 0.7728285077951003 0.22134387351778656 0.7906458797327395 0.21146245059288538 0.7850779510022272 0.1956521739130435 0.7861915367483296 0.17786561264822134 0.7783964365256125 0.16205533596837945 0.7661469933184856 0.1600790513833992